// split-test
-t 2 -c 100 -w 0 1.00 -w 1 2.91 -g 1

(rechts die intervall-klassen paare gemaess `lookup` funktion)

Vector(3, 20, 26)              // (0,2) (5,5) (5,6)
29 out of 46 (55.172413%)
Vector(7, 14, 24)              // (1,3) (3,6) (4,4)
26 out of 46 (55.172413%)
Vector(11, 18, 20)             // (1,4) (3,5) (5,5)
27 out of 46 (58.62069%)
Vector(8, 10, 18)              // (0,4) (2,3) (3,5)
29 out of 46 (62.068966%)
Vector(3, 4, 14)               // (0,2) (1,2) (4,4)
30 out of 46 (64.70588%)
Vector(11, 19, 20, 26)         // (1,4) (4,5) (5,5) (5,6)
31 out of 46 (65.51724%)
Vector(15, 18, 20, 21)         // (0,5) (0,6) (3,5) (5,5)
31 out of 46 (65.51724%)
Vector(7, 18, 20, 21)          // (0,6) (1,3) (3,5) (5,5)
31 out of 46 (65.51724%)
Vector(0, 3, 14, 26)           // (0,0) (0,2) (4,4) (5,6)
31 out of 46 (65.51724%)
Vector(16, 18, 20, 27)         // (1,5) (3,5) (5,5) (6,6)
33 out of 46 (65.51724%)
Vector(3, 7, 9, 14)            // (0,2) (1,3) (3,3) (4,4)
32 out of 46 (68.965515%)
Vector(3, 4, 9, 14)            // (0,2) (1,2) (3,3) (4,4)
34 out of 46 (72.413795%)
Vector(13, 14, 17, 19, 21)     // (0,6) (2,5) (3,4) (4,4) (4,5)
35 out of 46 (75.86207%)
Vector(0, 14, 16, 18, 19)      // (0,0) (1,5) (3,5) (4,4) (4,5)
36 out of 46 (75.86207%)
Vector(3, 14, 22, 26, 27)      // (0,2) (1,6) (4,4) (5,6) (6,6)
36 out of 46 (75.86207%)
Vector(2, 14, 16, 18, 19, 21)  // (0,6) (1,1) (1,5) (3,5) (4,4) (4,5)
36 out of 46 (76.47059%)

